        YEAR       MONTH         DAY        HOUR      MINUTE   N_Cluster         LON         LAT       IND_X       IND_Y     REFLECT   yyyyy_xx1   yyyyy_xx2 yyyyyyy_xx3     yyy_xx4     yyy_xx5       RIVER         CXE    PRECIPIT         VIL
   2014.0000     10.0000      1.0000      0.0000      0.0000      1.0000    -61.2714     -3.4889     56.0000    137.0000     23.1406      0.0000      0.0000      0.0000      0.0000      0.0000     11.0000      1.0000      1.2759      0.3797
   2014.0000     10.0000      1.0000      0.0000      0.0000      1.0000    -61.2514     -3.4889     57.0000    137.0000     21.0625      0.0000      0.0000      0.0000      0.0000      0.0000     11.0000      1.0000      0.9274      0.2267
   2014.0000     10.0000      1.0000      0.0000      0.0000      1.0000    -61.2714     -3.5089     56.0000    138.0000     34.6875      0.0000      0.0000      0.0000      0.0000      0.0000     11.0000      2.0000     11.4230      0.9471
   2014.0000     10.0000      1.0000      0.0000      0.0000      1.0000    -61.2514     -3.5089     57.0000    138.0000     30.9375      0.0000      0.0000      0.0000      0.0000      0.0000     11.0000      2.0000      6.3486      0.6948
   2014.0000     10.0000      1.0000      0.0000      0.0000      1.0000    -61.2714     -3.5289     56.0000    139.0000     34.4531      0.0000      0.0000      0.0000      0.0000      0.0000     11.0000      2.0000     11.0112      0.9097
   2014.0000     10.0000      1.0000      0.0000      0.0000      1.0000    -61.2514     -3.5289     57.0000    139.0000     31.2969      0.0000      0.0000      0.0000      0.0000      0.0000     11.0000      2.0000      6.7162      0.6124
   2014.0000     10.0000      1.0000      0.0000      0.0000      1.0000    -61.3114     -3.5489     54.0000    140.0000     21.8750      0.0000      0.0000      0.0000      0.0000      0.0000      0.0000      1.0000      1.0506      0.3888
   2014.0000     10.0000      1.0000      0.0000      0.0000      1.0000    -61.2914     -3.5489     55.0000    140.0000     21.0625      0.0000      0.0000      0.0000      0.0000      0.0000      0.0000      1.0000      0.9274      0.2276
   2014.0000     10.0000      1.0000      0.0000      0.0000      1.0000    -61.2714     -3.5489     56.0000    140.0000     25.1406      0.0000      0.0000      0.0000      0.0000      0.0000      0.0000      1.0000      1.7344      0.3454
   2014.0000     10.0000      1.0000      0.0000      0.0000      1.0000    -61.2514     -3.5489     57.0000    140.0000     29.7344      0.0000      0.0000      0.0000      0.0000      0.0000      0.0000      2.0000      5.2581      0.5570
   2014.0000     10.0000      1.0000      0.0000      0.0000      1.0000    -61.3314     -3.5689     53.0000    141.0000     25.1250      0.0000      0.0000      0.0000      0.0000      0.0000      0.0000      1.0000      1.7303      0.4752
   2014.0000     10.0000      1.0000      0.0000      0.0000      1.0000    -61.3114     -3.5689     54.0000    141.0000     26.2656      0.0000      0.0000      0.0000      0.0000      0.0000      0.0000      1.0000      2.0613      0.4951
   2014.0000     10.0000      1.0000      0.0000      0.0000      1.0000    -61.2914     -3.5689     55.0000    141.0000     21.6406      0.0000      0.0000      0.0000      0.0000      0.0000      0.0000      1.0000      1.0135      0.2949
   2014.0000     10.0000      1.0000      0.0000      0.0000      1.0000    -61.2714     -3.5689     56.0000    141.0000     20.4062      0.0000      0.0000      0.0000      0.0000      0.0000      0.0000      1.0000      0.8385      0.2876
   2014.0000     10.0000      1.0000      0.0000      0.0000      1.0000    -61.2514     -3.5689     57.0000    141.0000     22.5469      0.0000      0.0000      0.0000      0.0000      0.0000      0.0000      1.0000      1.1648      0.3279
   2014.0000     10.0000      1.0000      0.0000      0.0000      1.0000    -61.3314     -3.5889     53.0000    142.0000     24.5938      0.0000      0.0000      0.0000      0.0000      0.0000      0.0000      1.0000      1.5948      0.5027
   2014.0000     10.0000      1.0000      0.0000      0.0000      1.0000    -61.3114     -3.5889     54.0000    142.0000     29.9062      0.0000      0.0000      0.0000      0.0000      0.0000      0.0000      2.0000      5.4016      0.8506
   2014.0000     10.0000      1.0000      0.0000      0.0000      1.0000    -61.2914     -3.5889     55.0000    142.0000     28.0469      0.0000      0.0000      0.0000      0.0000      0.0000      0.0000      2.0000      4.0368      0.5961
   2014.0000     10.0000      1.0000      0.0000      0.0000      1.0000    -61.2714     -3.5889     56.0000    142.0000     21.4219      0.0000      0.0000      0.0000      0.0000      0.0000      0.0000      1.0000      0.9800      0.3030
   2014.0000     10.0000      1.0000      0.0000      0.0000      1.0000    -61.2514     -3.5889     57.0000    142.0000     23.5781      0.0000      0.0000      0.0000      0.0000      0.0000      0.0000      1.0000      1.3645      0.3647
   2014.0000     10.0000      1.0000      0.0000      0.0000      1.0000    -61.2314     -3.5889     58.0000    142.0000     23.6250      0.0000      0.0000      0.0000      0.0000      0.0000      0.0000      1.0000      1.3744      0.3804
   2014.0000     10.0000      1.0000      0.0000      0.0000      1.0000    -61.2114     -3.5889     59.0000    142.0000     22.6406      0.0000      0.0000      0.0000      0.0000      0.0000      0.0000      1.0000      1.1816      0.2751
   2014.0000     10.0000      1.0000      0.0000      0.0000      1.0000    -61.1914     -3.5889     60.0000    142.0000     20.2188      0.0000      0.0000      0.0000      0.0000      0.0000      0.0000      1.0000      0.8148      0.1670
   2014.0000     10.0000      1.0000      0.0000      0.0000      1.0000    -61.3514     -3.6089     52.0000    143.0000     22.1094      0.0000      0.0000      0.0000      0.0000      0.0000      0.0000      1.0000      1.0891      0.3271
   2014.0000     10.0000      1.0000      0.0000      0.0000      1.0000    -61.3314     -3.6089     53.0000    143.0000     24.6250      0.0000      0.0000      0.0000      0.0000      0.0000      0.0000      1.0000      1.6024      0.4715
   2014.0000     10.0000      1.0000      0.0000      0.0000      1.0000    -61.3114     -3.6089     54.0000    143.0000     28.9062      0.0000      0.0000      0.0000      0.0000      0.0000      0.0000      2.0000      4.6185      0.7352
   2014.0000     10.0000      1.0000      0.0000      0.0000      1.0000    -61.2914     -3.6089     55.0000    143.0000     30.0938      0.0000      0.0000      0.0000      0.0000      0.0000      0.0000      2.0000      5.5626      0.7555
   2014.0000     10.0000      1.0000      0.0000      0.0000      1.0000    -61.2714     -3.6089     56.0000    143.0000     26.4531      0.0000      0.0000      0.0000      0.0000      0.0000      0.0000      2.0000      3.1450      0.4976
   2014.0000     10.0000      1.0000      0.0000      0.0000      1.0000    -61.2514     -3.6089     57.0000    143.0000     23.7031      0.0000      0.0000      0.0000      0.0000      0.0000      0.0000      1.0000      1.3910      0.3783
   2014.0000     10.0000      1.0000      0.0000      0.0000      1.0000    -61.2314     -3.6089     58.0000    143.0000     24.8906      0.0000      0.0000      0.0000      0.0000      0.0000      0.0000      1.0000      1.6691      0.4590
   2014.0000     10.0000      1.0000      0.0000      0.0000      1.0000    -61.2114     -3.6089     59.0000    143.0000     26.0781      0.0000      0.0000      0.0000      0.0000      0.0000      0.0000      1.0000      2.0029      0.5233
   2014.0000     10.0000      1.0000      0.0000      0.0000      1.0000    -61.1914     -3.6089     60.0000    143.0000     21.4375      0.0000      0.0000      0.0000      0.0000      0.0000      0.0000      1.0000      0.9824      0.2763
   2014.0000     10.0000      1.0000      0.0000      0.0000      1.0000    -61.3714     -3.6289     51.0000    144.0000     21.7188      0.0000      0.0000      0.0000      0.0000      0.0000     11.0000      1.0000      1.0257      0.3554
   2014.0000     10.0000      1.0000      0.0000      0.0000      1.0000    -61.3514     -3.6289     52.0000    144.0000     19.9844      0.0000      0.0000      0.0000      0.0000      0.0000     11.0000      1.0000      0.7860      0.3381
   2014.0000     10.0000      1.0000      0.0000      0.0000      1.0000    -61.3314     -3.6289     53.0000    144.0000     25.4688      0.0000      0.0000      0.0000      0.0000      0.0000     11.0000      1.0000      1.8240      0.4907
   2014.0000     10.0000      1.0000      0.0000      0.0000      1.0000    -61.3114     -3.6289     54.0000    144.0000     27.7344      0.0000      0.0000      0.0000      0.0000      0.0000     11.0000      2.0000      3.8440      0.6450
   2014.0000     10.0000      1.0000      0.0000      0.0000      1.0000    -61.2914     -3.6289     55.0000    144.0000     30.1406      0.0000      0.0000      0.0000      0.0000      0.0000     11.0000      2.0000      5.6036      0.7848
   2014.0000     10.0000      1.0000      0.0000      0.0000      1.0000    -61.2714     -3.6289     56.0000    144.0000     32.5781      0.0000      0.0000      0.0000      0.0000      0.0000     11.0000      2.0000      8.2089      0.9165
   2014.0000     10.0000      1.0000      0.0000      0.0000      1.0000    -61.2514     -3.6289     57.0000    144.0000     29.1562      0.0000      0.0000      0.0000      0.0000      0.0000     11.0000      2.0000      4.8029      0.6433
   2014.0000     10.0000      1.0000      0.0000      0.0000      1.0000    -61.2314     -3.6289     58.0000    144.0000     28.0625      0.0000      0.0000      0.0000      0.0000      0.0000     11.0000      2.0000      4.0467      0.6100
   2014.0000     10.0000      1.0000      0.0000      0.0000      1.0000    -61.2114     -3.6289     59.0000    144.0000     26.6094      0.0000      0.0000      0.0000      0.0000      0.0000     11.0000      2.0000      3.2229      0.5846
   2014.0000     10.0000      1.0000      0.0000      0.0000      1.0000    -61.1914     -3.6289     60.0000    144.0000     21.1250      0.0000      0.0000      0.0000      0.0000      0.0000     11.0000      1.0000      0.9364      0.2629
   2014.0000     10.0000      1.0000      0.0000      0.0000      1.0000    -61.1714     -3.6289     61.0000    144.0000     20.7188      0.0000      0.0000      0.0000      0.0000      0.0000     11.0000      1.0000      0.8798      0.2091
   2014.0000     10.0000      1.0000      0.0000      0.0000      1.0000    -61.3714     -3.6489     51.0000    145.0000     20.2031      0.0000      0.0000      0.0000      0.0000      0.0000     11.0000      1.0000      0.8128      0.3567
   2014.0000     10.0000      1.0000      0.0000      0.0000      1.0000    -61.3514     -3.6489     52.0000    145.0000     20.4375      0.0000      0.0000      0.0000      0.0000      0.0000     11.0000      1.0000      0.8426      0.3424
   2014.0000     10.0000      1.0000      0.0000      0.0000      1.0000    -61.3314     -3.6489     53.0000    145.0000     23.1406      0.0000      0.0000      0.0000      0.0000      0.0000     11.0000      1.0000      1.2759      0.3965
   2014.0000     10.0000      1.0000      0.0000      0.0000      1.0000    -61.3114     -3.6489     54.0000    145.0000     26.6719      0.0000      0.0000      0.0000      0.0000      0.0000     11.0000      2.0000      3.2546      0.5274
   2014.0000     10.0000      1.0000      0.0000      0.0000      1.0000    -61.2914     -3.6489     55.0000    145.0000     30.3281      0.0000      0.0000      0.0000      0.0000      0.0000     11.0000      2.0000      5.7706      0.7304
   2014.0000     10.0000      1.0000      0.0000      0.0000      1.0000    -61.2714     -3.6489     56.0000    145.0000     33.2188      0.0000      0.0000      0.0000      0.0000      0.0000     11.0000      2.0000      9.0754      0.9810
   2014.0000     10.0000      1.0000      0.0000      0.0000      1.0000    -61.2514     -3.6489     57.0000    145.0000     29.6875      0.0000      0.0000      0.0000      0.0000      0.0000     11.0000      2.0000      5.2197      0.6796
   2014.0000     10.0000      1.0000      0.0000      0.0000      1.0000    -61.2314     -3.6489     58.0000    145.0000     29.4062      0.0000      0.0000      0.0000      0.0000      0.0000      0.0000      2.0000      4.9947      0.6845
   2014.0000     10.0000      1.0000      0.0000      0.0000      1.0000    -61.2114     -3.6489     59.0000    145.0000     26.0781      0.0000      0.0000      0.0000      0.0000      0.0000     11.0000      2.0000      2.9656      0.5104
   2014.0000     10.0000      1.0000      0.0000      0.0000      1.0000    -61.1914     -3.6489     60.0000    145.0000     20.9219      0.0000      0.0000      0.0000      0.0000      0.0000     11.0000      1.0000      0.9076      0.2765
   2014.0000     10.0000      1.0000      0.0000      0.0000      1.0000    -61.1714     -3.6489     61.0000    145.0000     20.7188      0.0000      0.0000      0.0000      0.0000      0.0000     11.0000      1.0000      0.8798      0.2095
   2014.0000     10.0000      1.0000      0.0000      0.0000      1.0000    -61.4514     -3.6689     47.0000    146.0000     20.6562      0.0000      0.0000      0.0000      0.0000      0.0000      0.0000      1.0000      0.8713      0.3041
   2014.0000     10.0000      1.0000      0.0000      0.0000      1.0000    -61.4314     -3.6689     48.0000    146.0000     20.4375      0.0000      0.0000      0.0000      0.0000      0.0000      0.0000      1.0000      0.8426      0.4245
   2014.0000     10.0000      1.0000      0.0000      0.0000      1.0000    -61.3714     -3.6689     51.0000    146.0000     20.8594      0.0000      0.0000      0.0000      0.0000      0.0000     11.0000      1.0000      0.8989      0.4118
   2014.0000     10.0000      1.0000      0.0000      0.0000      1.0000    -61.3514     -3.6689     52.0000    146.0000     23.5625      0.0000      0.0000      0.0000      0.0000      0.0000      0.0000      1.0000      1.3613      0.5250
   2014.0000     10.0000      1.0000      0.0000      0.0000      1.0000    -61.3314     -3.6689     53.0000    146.0000     23.9219      0.0000      0.0000      0.0000      0.0000      0.0000      0.0000      1.0000      1.4385      0.4565
   2014.0000     10.0000      1.0000      0.0000      0.0000      1.0000    -61.3114     -3.6689     54.0000    146.0000     25.8281      0.0000      0.0000      0.0000      0.0000      0.0000      0.0000      1.0000      1.9275      0.4924
   2014.0000     10.0000      1.0000      0.0000      0.0000      1.0000    -61.2914     -3.6689     55.0000    146.0000     22.4531      0.0000      0.0000      0.0000      0.0000      0.0000      0.0000      1.0000      1.1481      0.3778
   2014.0000     10.0000      1.0000      0.0000      0.0000      1.0000    -61.2714     -3.6689     56.0000    146.0000     27.3438      0.0000      0.0000      0.0000      0.0000      0.0000     11.0000      2.0000      3.6158      0.5057
   2014.0000     10.0000      1.0000      0.0000      0.0000      1.0000    -61.2514     -3.6689     57.0000    146.0000     29.1562      0.0000      0.0000      0.0000      0.0000      0.0000      0.0000      2.0000      4.8029      0.6564
   2014.0000     10.0000      1.0000      0.0000      0.0000      1.0000    -61.2314     -3.6689     58.0000    146.0000     29.3438      0.0000      0.0000      0.0000      0.0000      0.0000      0.0000      2.0000      4.9461      0.6936
   2014.0000     10.0000      1.0000      0.0000      0.0000      1.0000    -61.2114     -3.6689     59.0000    146.0000     27.7188      0.0000      0.0000      0.0000      0.0000      0.0000      0.0000      2.0000      3.8346      0.5919
   2014.0000     10.0000      1.0000      0.0000      0.0000      1.0000    -61.1914     -3.6689     60.0000    146.0000     22.0000      0.0000      0.0000      0.0000      0.0000      0.0000      0.0000      1.0000      1.0710      0.2799
   2014.0000     10.0000      1.0000      0.0000      0.0000      1.0000    -61.4714     -3.6889     46.0000    147.0000     21.2344      0.0000      0.0000      0.0000      0.0000      0.0000      0.0000      1.0000      0.9522      0.2873
   2014.0000     10.0000      1.0000      0.0000      0.0000      1.0000    -61.4514     -3.6889     47.0000    147.0000     20.0156      0.0000      0.0000      0.0000      0.0000      0.0000      0.0000      1.0000      0.7897      0.2911
   2014.0000     10.0000      1.0000      0.0000      0.0000      1.0000    -61.4314     -3.6889     48.0000    147.0000     21.6562      0.0000      0.0000      0.0000      0.0000      0.0000      0.0000      1.0000      1.0159      0.4022
   2014.0000     10.0000      1.0000      0.0000      0.0000      1.0000    -61.4114     -3.6889     49.0000    147.0000     20.3125      0.0000      0.0000      0.0000      0.0000      0.0000      0.0000      1.0000      0.8266      0.4304
   2014.0000     10.0000      1.0000      0.0000      0.0000      1.0000    -61.3914     -3.6889     50.0000    147.0000     20.5938      0.0000      0.0000      0.0000      0.0000      0.0000      0.0000      1.0000      0.8630      0.3931
   2014.0000     10.0000      1.0000      0.0000      0.0000      1.0000    -61.3714     -3.6889     51.0000    147.0000     20.3750      0.0000      0.0000      0.0000      0.0000      0.0000      0.0000      1.0000      0.8345      0.3904
   2014.0000     10.0000      1.0000      0.0000      0.0000      1.0000    -61.3514     -3.6889     52.0000    147.0000     24.6094      0.0000      0.0000      0.0000      0.0000      0.0000     11.0000      1.0000      1.5986      0.5784
   2014.0000     10.0000      1.0000      0.0000      0.0000      1.0000    -61.3314     -3.6889     53.0000    147.0000     26.0000      0.0000      0.0000      0.0000      0.0000      0.0000      0.0000      2.0000      2.9295      0.5816
   2014.0000     10.0000      1.0000      0.0000      0.0000      1.0000    -61.3114     -3.6889     54.0000    147.0000     21.0156      0.0000      0.0000      0.0000      0.0000      0.0000      0.0000      1.0000      0.9208      0.3668
   2014.0000     10.0000      1.0000      0.0000      0.0000      1.0000    -61.2914     -3.6889     55.0000    147.0000     20.2500      0.0000      0.0000      0.0000      0.0000      0.0000      0.0000      1.0000      0.8187      0.2716
   2014.0000     10.0000      1.0000      0.0000      0.0000      1.0000    -61.2714     -3.6889     56.0000    147.0000     22.8125      0.0000      0.0000      0.0000      0.0000      0.0000      0.0000      1.0000      1.2132      0.3200
   2014.0000     10.0000      1.0000      0.0000      0.0000      1.0000    -61.2514     -3.6889     57.0000    147.0000     23.0312      0.0000      0.0000      0.0000      0.0000      0.0000      0.0000      1.0000      1.2547      0.3098
   2014.0000     10.0000      1.0000      0.0000      0.0000      1.0000    -61.2314     -3.6889     58.0000    147.0000     25.3125      0.0000      0.0000      0.0000      0.0000      0.0000      0.0000      1.0000      1.7808      0.4139
   2014.0000     10.0000      1.0000      0.0000      0.0000      1.0000    -61.2114     -3.6889     59.0000    147.0000     28.1406      0.0000      0.0000      0.0000      0.0000      0.0000      0.0000      2.0000      4.0965      0.5772
   2014.0000     10.0000      1.0000      0.0000      0.0000      1.0000    -61.1914     -3.6889     60.0000    147.0000     22.6719      0.0000      0.0000      0.0000      0.0000      0.0000      0.0000      1.0000      1.1873      0.2918
   2014.0000     10.0000      1.0000      0.0000      0.0000      1.0000    -61.4714     -3.7089     46.0000    148.0000     20.7812      0.0000      0.0000      0.0000      0.0000      0.0000      0.0000      1.0000      0.8882      0.2891
   2014.0000     10.0000      1.0000      0.0000      0.0000      1.0000    -61.4314     -3.7089     48.0000    148.0000     21.2500      0.0000      0.0000      0.0000      0.0000      0.0000      0.0000      1.0000      0.9545      0.3878
   2014.0000     10.0000      1.0000      0.0000      0.0000      1.0000    -61.4114     -3.7089     49.0000    148.0000     20.1094      0.0000      0.0000      0.0000      0.0000      0.0000      0.0000      1.0000      0.8012      0.4050
   2014.0000     10.0000      1.0000      0.0000      0.0000      1.0000    -61.3714     -3.7089     51.0000    148.0000     23.1719      0.0000      0.0000      0.0000      0.0000      0.0000      0.0000      1.0000      1.2820      0.4898
   2014.0000     10.0000      1.0000      0.0000      0.0000      1.0000    -61.3514     -3.7089     52.0000    148.0000     25.0000      0.0000      0.0000      0.0000      0.0000      0.0000      0.0000      1.0000      1.6974      0.5566
   2014.0000     10.0000      1.0000      0.0000      0.0000      1.0000    -61.3314     -3.7089     53.0000    148.0000     26.8906      0.0000      0.0000      0.0000      0.0000      0.0000      0.0000      2.0000      3.3681      0.6344
   2014.0000     10.0000      1.0000      0.0000      0.0000      1.0000    -61.3114     -3.7089     54.0000    148.0000     21.8281      0.0000      0.0000      0.0000      0.0000      0.0000     11.0000      1.0000      1.0431      0.2800
   2014.0000     10.0000      1.0000      0.0000      0.0000      1.0000    -61.2714     -3.7089     56.0000    148.0000     20.9219      0.0000      0.0000      0.0000      0.0000      0.0000      0.0000      1.0000      0.9076      0.2751
   2014.0000     10.0000      1.0000      0.0000      0.0000      1.0000    -61.2514     -3.7089     57.0000    148.0000     22.5000      0.0000      0.0000      0.0000      0.0000      0.0000      0.0000      1.0000      1.1564      0.3136
   2014.0000     10.0000      1.0000      0.0000      0.0000      1.0000    -61.2314     -3.7089     58.0000    148.0000     23.7031      0.0000      0.0000      0.0000      0.0000      0.0000      0.0000      1.0000      1.3910      0.3660
   2014.0000     10.0000      1.0000      0.0000      0.0000      1.0000    -61.2114     -3.7089     59.0000    148.0000     25.8281      0.0000      0.0000      0.0000      0.0000      0.0000      0.0000      1.0000      1.9275      0.4270
   2014.0000     10.0000      1.0000      0.0000      0.0000      1.0000    -61.1914     -3.7089     60.0000    148.0000     23.9688      0.0000      0.0000      0.0000      0.0000      0.0000     11.0000      1.0000      1.4489      0.3346
   2014.0000     10.0000      1.0000      0.0000      0.0000      1.0000    -61.1714     -3.7089     61.0000    148.0000     20.2031      0.0000      0.0000      0.0000      0.0000      0.0000      0.0000      1.0000      0.8128      0.2264
   2014.0000     10.0000      1.0000      0.0000      0.0000      1.0000    -61.4714     -3.7289     46.0000    149.0000     20.8906      0.0000      0.0000      0.0000      0.0000      0.0000      0.0000      1.0000      0.9033      0.2873
   2014.0000     10.0000      1.0000      0.0000      0.0000      1.0000    -61.4514     -3.7289     47.0000    149.0000     20.6250      0.0000      0.0000      0.0000      0.0000      0.0000      0.0000      1.0000      0.8672      0.2673
   2014.0000     10.0000      1.0000      0.0000      0.0000      1.0000    -61.4314     -3.7289     48.0000    149.0000     20.2031      0.0000      0.0000      0.0000      0.0000      0.0000     11.0000      1.0000      0.8128      0.2280
   2014.0000     10.0000      1.0000      0.0000      0.0000      1.0000    -61.3714     -3.7289     51.0000    149.0000     21.6875      0.0000      0.0000      0.0000      0.0000      0.0000      0.0000      1.0000      1.0208      0.4661
   2014.0000     10.0000      1.0000      0.0000      0.0000      1.0000    -61.3514     -3.7289     52.0000    149.0000     21.5625      0.0000      0.0000      0.0000      0.0000      0.0000      0.0000      1.0000      1.0014      0.3909
   2014.0000     10.0000      1.0000      0.0000      0.0000      1.0000    -61.3314     -3.7289     53.0000    149.0000     23.6250      0.0000      0.0000      0.0000      0.0000      0.0000      0.0000      1.0000      1.3744      0.4440
   2014.0000     10.0000      1.0000      0.0000      0.0000      1.0000    -61.3114     -3.7289     54.0000    149.0000     23.0469      0.0000      0.0000      0.0000      0.0000      0.0000      0.0000      1.0000      1.2577      0.3238
   2014.0000     10.0000      1.0000      0.0000      0.0000      1.0000    -61.2514     -3.7289     57.0000    149.0000     22.7031      0.0000      0.0000      0.0000      0.0000      0.0000      0.0000      1.0000      1.1930      0.3342
   2014.0000     10.0000      1.0000      0.0000      0.0000      1.0000    -61.2314     -3.7289     58.0000    149.0000     23.9531      0.0000      0.0000      0.0000      0.0000      0.0000      0.0000      1.0000      1.4454      0.3798
   2014.0000     10.0000      1.0000      0.0000      0.0000      1.0000    -61.2114     -3.7289     59.0000    149.0000     23.0156      0.0000      0.0000      0.0000      0.0000      0.0000      0.0000      1.0000      1.2517      0.2631
   2014.0000     10.0000      1.0000      0.0000      0.0000      1.0000    -61.1914     -3.7289     60.0000    149.0000     21.6719      0.0000      0.0000      0.0000      0.0000      0.0000      0.0000      1.0000      1.0184      0.2434
   2014.0000     10.0000      1.0000      0.0000      0.0000      1.0000    -61.4314     -3.7489     48.0000    150.0000     20.2031      0.0000      0.0000      0.0000      0.0000      0.0000      0.0000      1.0000      0.8128      0.2260
   2014.0000     10.0000      1.0000      0.0000      0.0000      1.0000    -61.4114     -3.7489     49.0000    150.0000     20.2031      0.0000      0.0000      0.0000      0.0000      0.0000      0.0000      1.0000      0.8128      0.2346
   2014.0000     10.0000      1.0000      0.0000      0.0000      1.0000    -61.3514     -3.7489     52.0000    150.0000     21.4688      0.0000      0.0000      0.0000      0.0000      0.0000     11.0000      1.0000      0.9871      0.4263
   2014.0000     10.0000      1.0000      0.0000      0.0000      1.0000    -61.3314     -3.7489     53.0000    150.0000     23.0781      0.0000      0.0000      0.0000      0.0000      0.0000     11.0000      1.0000      1.2637      0.4692
   2014.0000     10.0000      1.0000      0.0000      0.0000      1.0000    -61.3114     -3.7489     54.0000    150.0000     27.1562      0.0000      0.0000      0.0000      0.0000      0.0000     11.0000      2.0000      3.5112      0.5032
   2014.0000     10.0000      1.0000      0.0000      0.0000      1.0000    -61.2914     -3.7489     55.0000    150.0000     23.4219      0.0000      0.0000      0.0000      0.0000      0.0000     11.0000      1.0000      1.3322      0.3360
   2014.0000     10.0000      1.0000      0.0000      0.0000      1.0000    -61.2514     -3.7489     57.0000    150.0000     20.2031      0.0000      0.0000      0.0000      0.0000      0.0000      0.0000      1.0000      0.8128      0.2846
   2014.0000     10.0000      1.0000      0.0000      0.0000      1.0000    -61.2314     -3.7489     58.0000    150.0000     26.2969      0.0000      0.0000      0.0000      0.0000      0.0000      0.0000      2.0000      3.0689      0.4586
   2014.0000     10.0000      1.0000      0.0000      0.0000      1.0000    -61.2114     -3.7489     59.0000    150.0000     24.5000      0.0000      0.0000      0.0000      0.0000      0.0000      0.0000      1.0000      1.5720      0.3294
   2014.0000     10.0000      1.0000      0.0000      0.0000      1.0000    -61.1914     -3.7489     60.0000    150.0000     22.0312      0.0000      0.0000      0.0000      0.0000      0.0000      0.0000      1.0000      1.0761      0.2395
   2014.0000     10.0000      1.0000      0.0000      0.0000      1.0000    -61.1714     -3.7489     61.0000    150.0000     20.2344      0.0000      0.0000      0.0000      0.0000      0.0000      0.0000      1.0000      0.8167      0.2161
   2014.0000     10.0000      1.0000      0.0000      0.0000      1.0000    -61.3314     -3.7689     53.0000    151.0000     22.1719      0.0000      0.0000      0.0000      0.0000      0.0000     11.0000      1.0000      1.0996      0.4802
   2014.0000     10.0000      1.0000      0.0000      0.0000      1.0000    -61.3114     -3.7689     54.0000    151.0000     27.3438      0.0000      0.0000      0.0000      0.0000      0.0000     11.0000      2.0000      3.6158      0.5294
   2014.0000     10.0000      1.0000      0.0000      0.0000      1.0000    -61.2914     -3.7689     55.0000    151.0000     23.2656      0.0000      0.0000      0.0000      0.0000      0.0000     11.0000      1.0000      1.3006      0.3382
   2014.0000     10.0000      1.0000      0.0000      0.0000      1.0000    -61.2714     -3.7689     56.0000    151.0000     23.7344      0.0000      0.0000      0.0000      0.0000      0.0000     11.0000      1.0000      1.3977      0.2344
   2014.0000     10.0000      1.0000      0.0000      0.0000      1.0000    -61.2514     -3.7689     57.0000    151.0000     20.2031      0.0000      0.0000      0.0000      0.0000      0.0000      0.0000      1.0000      0.8128      0.2130
   2014.0000     10.0000      1.0000      0.0000      0.0000      1.0000    -61.2314     -3.7689     58.0000    151.0000     21.2656      0.0000      0.0000      0.0000      0.0000      0.0000      0.0000      1.0000      0.9568      0.2740
   2014.0000     10.0000      1.0000      0.0000      0.0000      1.0000    -61.2114     -3.7689     59.0000    151.0000     24.7344      0.0000      0.0000      0.0000      0.0000      0.0000      0.0000      2.0000      2.4027      0.4049
   2014.0000     10.0000      1.0000      0.0000      0.0000      1.0000    -61.1914     -3.7689     60.0000    151.0000     22.2500      0.0000      0.0000      0.0000      0.0000      0.0000      0.0000      1.0000      1.1129      0.2462
   2014.0000     10.0000      1.0000      0.0000      0.0000      1.0000    -61.1714     -3.7689     61.0000    151.0000     20.4219      0.0000      0.0000      0.0000      0.0000      0.0000      0.0000      1.0000      0.8406      0.2194
   2014.0000     10.0000      1.0000      0.0000      0.0000      1.0000    -61.3314     -3.7889     53.0000    152.0000     20.7500      0.0000      0.0000      0.0000      0.0000      0.0000      0.0000      1.0000      0.8840      0.2132
   2014.0000     10.0000      1.0000      0.0000      0.0000      1.0000    -61.3114     -3.7889     54.0000    152.0000     23.3750      0.0000      0.0000      0.0000      0.0000      0.0000      0.0000      1.0000      1.3226      0.3866
   2014.0000     10.0000      1.0000      0.0000      0.0000      1.0000    -61.2914     -3.7889     55.0000    152.0000     23.9062      0.0000      0.0000      0.0000      0.0000      0.0000      0.0000      1.0000      1.4350      0.3714
   2014.0000     10.0000      1.0000      0.0000      0.0000      1.0000    -61.2714     -3.7889     56.0000    152.0000     23.7344      0.0000      0.0000      0.0000      0.0000      0.0000     11.0000      1.0000      1.3977      0.2344
   2014.0000     10.0000      1.0000      0.0000      0.0000      1.0000    -61.2314     -3.7889     58.0000    152.0000     21.4375      0.0000      0.0000      0.0000      0.0000      0.0000      0.0000      1.0000      0.9824      0.2865
   2014.0000     10.0000      1.0000      0.0000      0.0000      1.0000    -61.2114     -3.7889     59.0000    152.0000     24.9688      0.0000      0.0000      0.0000      0.0000      0.0000      0.0000      2.0000      2.4925      0.4297
   2014.0000     10.0000      1.0000      0.0000      0.0000      1.0000    -61.3314     -3.8089     53.0000    153.0000     20.3281      0.0000      0.0000      0.0000      0.0000      0.0000      0.0000      1.0000      0.8285      0.2033
   2014.0000     10.0000      1.0000      0.0000      0.0000      1.0000    -61.3114     -3.8089     54.0000    153.0000     21.5938      0.0000      0.0000      0.0000      0.0000      0.0000      0.0000      1.0000      1.0062      0.2208
   2014.0000     10.0000      1.0000      0.0000      0.0000      1.0000    -61.2914     -3.8089     55.0000    153.0000     22.4219      0.0000      0.0000      0.0000      0.0000      0.0000     11.0000      1.0000      1.1426      0.2746
   2014.0000     10.0000      1.0000      0.0000      0.0000      1.0000    -61.2714     -3.8089     56.0000    153.0000     23.3750      0.0000      0.0000      0.0000      0.0000      0.0000      0.0000      1.0000      1.3226      0.2984
   2014.0000     10.0000      1.0000      0.0000      0.0000      1.0000    -61.3114     -3.8289     54.0000    154.0000     21.2188      0.0000      0.0000      0.0000      0.0000      0.0000      0.0000      1.0000      0.9499      0.2106
   2014.0000     10.0000      1.0000      0.0000      0.0000      1.0000    -61.2914     -3.8289     55.0000    154.0000     21.0938      0.0000      0.0000      0.0000      0.0000      0.0000     11.0000      1.0000      0.9319      0.2415
   2014.0000     10.0000      1.0000      0.0000     12.0000      1.0000    -61.4314     -3.5089     48.0000    138.0000     21.2188      0.0000      0.0000      0.0000      0.0000      0.0000      0.0000      1.0000      0.9499      0.2806
   2014.0000     10.0000      1.0000      0.0000     12.0000      1.0000    -61.4114     -3.5089     49.0000    138.0000     20.2031      0.0000      0.0000      0.0000      0.0000      0.0000      0.0000      1.0000      0.8128      0.2945
   2014.0000     10.0000      1.0000      0.0000     12.0000      1.0000    -61.4314     -3.5289     48.0000    139.0000     21.2188      0.0000      0.0000      0.0000      0.0000      0.0000      0.0000      1.0000      0.9499      0.2776
   2014.0000     10.0000      1.0000      0.0000     12.0000      1.0000    -61.4114     -3.5289     49.0000    139.0000     20.5625      0.0000      0.0000      0.0000      0.0000      0.0000      0.0000      1.0000      0.8589      0.3280
   2014.0000     10.0000      1.0000      0.0000     12.0000      1.0000    -61.4314     -3.5489     48.0000    140.0000     21.9219      0.0000      0.0000      0.0000      0.0000      0.0000      0.0000      1.0000      1.0582      0.3027
   2014.0000     10.0000      1.0000      0.0000     12.0000      1.0000    -61.4114     -3.5489     49.0000    140.0000     21.1719      0.0000      0.0000      0.0000      0.0000      0.0000      0.0000      1.0000      0.9431      0.3273
   2014.0000     10.0000      1.0000      0.0000     12.0000      1.0000    -61.5514     -3.5689     42.0000    141.0000     20.7188      0.0000      0.0000      0.0000      0.0000      0.0000      0.0000      1.0000      0.8798      0.2558
   2014.0000     10.0000      1.0000      0.0000     12.0000      1.0000    -61.5314     -3.5689     43.0000    141.0000     20.6250      0.0000      0.0000      0.0000      0.0000      0.0000      0.0000      1.0000      0.8672      0.2525
   2014.0000     10.0000      1.0000      0.0000     12.0000      1.0000    -61.5114     -3.5689     44.0000    141.0000     21.6406      0.0000      0.0000      0.0000      0.0000      0.0000      0.0000      1.0000      1.0135      0.2752
   2014.0000     10.0000      1.0000      0.0000     12.0000      1.0000    -61.4914     -3.5689     45.0000    141.0000     23.2188      0.0000      0.0000      0.0000      0.0000      0.0000      0.0000      1.0000      1.2913      0.3397
   2014.0000     10.0000      1.0000      0.0000     12.0000      1.0000    -61.4314     -3.5689     48.0000    141.0000     20.2031      0.0000      0.0000      0.0000      0.0000      0.0000      0.0000      1.0000      0.8128      0.2911
   2014.0000     10.0000      1.0000      0.0000     12.0000      1.0000    -61.4114     -3.5689     49.0000    141.0000     24.2188      0.0000      0.0000      0.0000      0.0000      0.0000      0.0000      1.0000      1.5055      0.4313
   2014.0000     10.0000      1.0000      0.0000     12.0000      1.0000    -61.3914     -3.5689     50.0000    141.0000     25.7500      0.0000      0.0000      0.0000      0.0000      0.0000      0.0000      2.0000      2.8170      0.5165
   2014.0000     10.0000      1.0000      0.0000     12.0000      1.0000    -61.3714     -3.5689     51.0000    141.0000     20.3750      0.0000      0.0000      0.0000      0.0000      0.0000      0.0000      1.0000      0.8345      0.2719
   2014.0000     10.0000      1.0000      0.0000     12.0000      1.0000    -61.5514     -3.5889     42.0000    142.0000     20.7188      0.0000      0.0000      0.0000      0.0000      0.0000      0.0000      1.0000      0.8798      0.2575
   2014.0000     10.0000      1.0000      0.0000     12.0000      1.0000    -61.5314     -3.5889     43.0000    142.0000     20.6094      0.0000      0.0000      0.0000      0.0000      0.0000      0.0000      1.0000      0.8651      0.2547
   2014.0000     10.0000      1.0000      0.0000     12.0000      1.0000    -61.5114     -3.5889     44.0000    142.0000     20.2188      0.0000      0.0000      0.0000      0.0000      0.0000      0.0000      1.0000      0.8148      0.3412
   2014.0000     10.0000      1.0000      0.0000     12.0000      1.0000    -61.4914     -3.5889     45.0000    142.0000     23.1719      0.0000      0.0000      0.0000      0.0000      0.0000      0.0000      1.0000      1.2820      0.4127
   2014.0000     10.0000      1.0000      0.0000     12.0000      1.0000    -61.4714     -3.5889     46.0000    142.0000     22.8125      0.0000      0.0000      0.0000      0.0000      0.0000      0.0000      1.0000      1.2132      0.4019
   2014.0000     10.0000      1.0000      0.0000     12.0000      1.0000    -61.4514     -3.5889     47.0000    142.0000     20.2656      0.0000      0.0000      0.0000      0.0000      0.0000      0.0000      1.0000      0.8206      0.3402
   2014.0000     10.0000      1.0000      0.0000     12.0000      1.0000    -61.4114     -3.5889     49.0000    142.0000     23.6094      0.0000      0.0000      0.0000      0.0000      0.0000      0.0000      1.0000      1.3711      0.3976
   2014.0000     10.0000      1.0000      0.0000     12.0000      1.0000    -61.3914     -3.5889     50.0000    142.0000     25.7500      0.0000      0.0000      0.0000      0.0000      0.0000      0.0000      1.0000      1.9045      0.5009
   2014.0000     10.0000      1.0000      0.0000     12.0000      1.0000    -61.3714     -3.5889     51.0000    142.0000     23.1094      0.0000      0.0000      0.0000      0.0000      0.0000      0.0000      1.0000      1.2698      0.3577
   2014.0000     10.0000      1.0000      0.0000     12.0000      1.0000    -61.5314     -3.6089     43.0000    143.0000     20.6406      0.0000      0.0000      0.0000      0.0000      0.0000      0.0000      1.0000      0.8693      0.3602
   2014.0000     10.0000      1.0000      0.0000     12.0000      1.0000    -61.5114     -3.6089     44.0000    143.0000     20.8594      0.0000      0.0000      0.0000      0.0000      0.0000      0.0000      1.0000      0.8989      0.4103
   2014.0000     10.0000      1.0000      0.0000     12.0000      1.0000    -61.4914     -3.6089     45.0000    143.0000     22.8281      0.0000      0.0000      0.0000      0.0000      0.0000      0.0000      1.0000      1.2161      0.4134
   2014.0000     10.0000      1.0000      0.0000     12.0000      1.0000    -61.4714     -3.6089     46.0000    143.0000     22.9531      0.0000      0.0000      0.0000      0.0000      0.0000      0.0000      1.0000      1.2397      0.4093
   2014.0000     10.0000      1.0000      0.0000     12.0000      1.0000    -61.4514     -3.6089     47.0000    143.0000     21.1562      0.0000      0.0000      0.0000      0.0000      0.0000      0.0000      1.0000      0.9409      0.3895
   2014.0000     10.0000      1.0000      0.0000     12.0000      1.0000    -61.4314     -3.6089     48.0000    143.0000     20.2031      0.0000      0.0000      0.0000      0.0000      0.0000      0.0000      1.0000      0.8128      0.3267
   2014.0000     10.0000      1.0000      0.0000     12.0000      1.0000    -61.4114     -3.6089     49.0000    143.0000     21.1406      0.0000      0.0000      0.0000      0.0000      0.0000      0.0000      1.0000      0.9386      0.3627
   2014.0000     10.0000      1.0000      0.0000     12.0000      1.0000    -61.3914     -3.6089     50.0000    143.0000     25.3125      0.0000      0.0000      0.0000      0.0000      0.0000      0.0000      1.0000      1.7808      0.4994
   2014.0000     10.0000      1.0000      0.0000     12.0000      1.0000    -61.3714     -3.6089     51.0000    143.0000     23.7031      0.0000      0.0000      0.0000      0.0000      0.0000      0.0000      1.0000      1.3910      0.3874
   2014.0000     10.0000      1.0000      0.0000     12.0000      1.0000    -61.5314     -3.6289     43.0000    144.0000     20.7969      0.0000      0.0000      0.0000      0.0000      0.0000      0.0000      1.0000      0.8904      0.3446
   2014.0000     10.0000      1.0000      0.0000     12.0000      1.0000    -61.5114     -3.6289     44.0000    144.0000     29.7500      0.0000      0.0000      0.0000      0.0000      0.0000      0.0000      2.0000      5.2710      0.8708
   2014.0000     10.0000      1.0000      0.0000     12.0000      1.0000    -61.4914     -3.6289     45.0000    144.0000     30.1250      0.0000      0.0000      0.0000      0.0000      0.0000      0.0000      2.0000      5.5899      0.9013
   2014.0000     10.0000      1.0000      0.0000     12.0000      1.0000    -61.4714     -3.6289     46.0000    144.0000     27.7031      0.0000      0.0000      0.0000      0.0000      0.0000      0.0000      1.0000      2.5703      0.6319
   2014.0000     10.0000      1.0000      0.0000     12.0000      1.0000    -61.4514     -3.6289     47.0000    144.0000     22.3125      0.0000      0.0000      0.0000      0.0000      0.0000      0.0000      1.0000      1.1236      0.4024
   2014.0000     10.0000      1.0000      0.0000     12.0000      1.0000    -61.4314     -3.6289     48.0000    144.0000     20.3594      0.0000      0.0000      0.0000      0.0000      0.0000      0.0000      1.0000      0.8325      0.3383
   2014.0000     10.0000      1.0000      0.0000     12.0000      1.0000    -61.4114     -3.6289     49.0000    144.0000     20.3125      0.0000      0.0000      0.0000      0.0000      0.0000     11.0000      1.0000      0.8266      0.3507
   2014.0000     10.0000      1.0000      0.0000     12.0000      1.0000    -61.3914     -3.6289     50.0000    144.0000     20.1406      0.0000      0.0000      0.0000      0.0000      0.0000     11.0000      1.0000      0.8050      0.3107
   2014.0000     10.0000      1.0000      0.0000     12.0000      1.0000    -61.3714     -3.6289     51.0000    144.0000     22.7969      0.0000      0.0000      0.0000      0.0000      0.0000     11.0000      1.0000      1.2103      0.3536
   2014.0000     10.0000      1.0000      0.0000     12.0000      1.0000    -61.3514     -3.6289     52.0000    144.0000     20.3125      0.0000      0.0000      0.0000      0.0000      0.0000     11.0000      1.0000      0.8266      0.2685
   2014.0000     10.0000      1.0000      0.0000     12.0000      1.0000    -61.5314     -3.6489     43.0000    145.0000     25.5312      0.0000      0.0000      0.0000      0.0000      0.0000     11.0000      1.0000      1.8416      0.4942
   2014.0000     10.0000      1.0000      0.0000     12.0000      1.0000    -61.5114     -3.6489     44.0000    145.0000     28.2188      0.0000      0.0000      0.0000      0.0000      0.0000     11.0000      1.0000      2.7820      0.7499
   2014.0000     10.0000      1.0000      0.0000     12.0000      1.0000    -61.4914     -3.6489     45.0000    145.0000     30.2344      0.0000      0.0000      0.0000      0.0000      0.0000     11.0000      2.0000      5.6865      0.9456
   2014.0000     10.0000      1.0000      0.0000     12.0000      1.0000    -61.4714     -3.6489     46.0000    145.0000     29.0625      0.0000      0.0000      0.0000      0.0000      0.0000     11.0000      2.0000      4.7329      0.8282
   2014.0000     10.0000      1.0000      0.0000     12.0000      1.0000    -61.4514     -3.6489     47.0000    145.0000     31.6406      0.0000      0.0000      0.0000      0.0000      0.0000     11.0000      2.0000      7.0878      0.9969
   2014.0000     10.0000      1.0000      0.0000     12.0000      1.0000    -61.4314     -3.6489     48.0000    145.0000     25.0000      0.0000      0.0000      0.0000      0.0000      0.0000     11.0000      1.0000      1.6974      0.4915
   2014.0000     10.0000      1.0000      0.0000     12.0000      1.0000    -61.4114     -3.6489     49.0000    145.0000     22.4062      0.0000      0.0000      0.0000      0.0000      0.0000     11.0000      1.0000      1.1399      0.3773
   2014.0000     10.0000      1.0000      0.0000     12.0000      1.0000    -61.3714     -3.6489     51.0000    145.0000     20.1250      0.0000      0.0000      0.0000      0.0000      0.0000     11.0000      1.0000      0.8031      0.2905
   2014.0000     10.0000      1.0000      0.0000     12.0000      1.0000    -61.5114     -3.6689     44.0000    146.0000     27.7031      0.0000      0.0000      0.0000      0.0000      0.0000      0.0000      1.0000      2.5703      0.6151
   2014.0000     10.0000      1.0000      0.0000     12.0000      1.0000    -61.4914     -3.6689     45.0000    146.0000     32.5156      0.0000      0.0000      0.0000      0.0000      0.0000      0.0000      2.0000      8.1289      1.1511
   2014.0000     10.0000      1.0000      0.0000     12.0000      1.0000    -61.4714     -3.6689     46.0000    146.0000     32.8438      0.0000      0.0000      0.0000      0.0000      0.0000      0.0000      2.0000      8.5576      1.1614
   2014.0000     10.0000      1.0000      0.0000     12.0000      1.0000    -61.4514     -3.6689     47.0000    146.0000     31.6094      0.0000      0.0000      0.0000      0.0000      0.0000      0.0000      2.0000      7.0532      1.0091
   2014.0000     10.0000      1.0000      0.0000     12.0000      1.0000    -61.4314     -3.6689     48.0000    146.0000     28.5000      0.0000      0.0000      0.0000      0.0000      0.0000      0.0000      2.0000      4.3337      0.6981
   2014.0000     10.0000      1.0000      0.0000     12.0000      1.0000    -61.4114     -3.6689     49.0000    146.0000     28.7812      0.0000      0.0000      0.0000      0.0000      0.0000      0.0000      2.0000      4.5289      0.5975
   2014.0000     10.0000      1.0000      0.0000     12.0000      1.0000    -61.3914     -3.6689     50.0000    146.0000     25.0938      0.0000      0.0000      0.0000      0.0000      0.0000     11.0000      1.0000      1.7220      0.4237
   2014.0000     10.0000      1.0000      0.0000     12.0000      1.0000    -61.3714     -3.6689     51.0000    146.0000     20.6094      0.0000      0.0000      0.0000      0.0000      0.0000     11.0000      1.0000      0.8651      0.3006
   2014.0000     10.0000      1.0000      0.0000     12.0000      1.0000    -61.5114     -3.6889     44.0000    147.0000     27.1719      0.0000      0.0000      0.0000      0.0000      0.0000      0.0000      1.0000      2.3690      0.5389
   2014.0000     10.0000      1.0000      0.0000     12.0000      1.0000    -61.4914     -3.6889     45.0000    147.0000     29.8438      0.0000      0.0000      0.0000      0.0000      0.0000      0.0000      2.0000      5.3490      0.7860
   2014.0000     10.0000      1.0000      0.0000     12.0000      1.0000    -61.4714     -3.6889     46.0000    147.0000     29.4688      0.0000      0.0000      0.0000      0.0000      0.0000      0.0000      2.0000      5.0439      0.8540
   2014.0000     10.0000      1.0000      0.0000     12.0000      1.0000    -61.4514     -3.6889     47.0000    147.0000     32.8750      0.0000      0.0000      0.0000      0.0000      0.0000      0.0000      2.0000      8.5996      1.2240
   2014.0000     10.0000      1.0000      0.0000     12.0000      1.0000    -61.4314     -3.6889     48.0000    147.0000     32.5625      0.0000      0.0000      0.0000      0.0000      0.0000      0.0000      2.0000      8.1888      1.1215
   2014.0000     10.0000      1.0000      0.0000     12.0000      1.0000    -61.4114     -3.6889     49.0000    147.0000     29.5938      0.0000      0.0000      0.0000      0.0000      0.0000      0.0000      2.0000      5.1436      0.6694
   2014.0000     10.0000      1.0000      0.0000     12.0000      1.0000    -61.3914     -3.6889     50.0000    147.0000     25.3906      0.0000      0.0000      0.0000      0.0000      0.0000      0.0000      1.0000      1.8023      0.4372
   2014.0000     10.0000      1.0000      0.0000     12.0000      1.0000    -61.3714     -3.6889     51.0000    147.0000     22.4375      0.0000      0.0000      0.0000      0.0000      0.0000      0.0000      1.0000      1.1454      0.2452
   2014.0000     10.0000      1.0000      0.0000     12.0000      1.0000    -61.3514     -3.6889     52.0000    147.0000     20.0469      0.0000      0.0000      0.0000      0.0000      0.0000     11.0000      1.0000      0.7935      0.2074
   2014.0000     10.0000      1.0000      0.0000     12.0000      1.0000    -61.5114     -3.7089     44.0000    148.0000     23.2344      0.0000      0.0000      0.0000      0.0000      0.0000      0.0000      1.0000      1.2944      0.3061
   2014.0000     10.0000      1.0000      0.0000     12.0000      1.0000    -61.4914     -3.7089     45.0000    148.0000     22.2344      0.0000      0.0000      0.0000      0.0000      0.0000      0.0000      1.0000      1.1102      0.4092
   2014.0000     10.0000      1.0000      0.0000     12.0000      1.0000    -61.4714     -3.7089     46.0000    148.0000     27.6719      0.0000      0.0000      0.0000      0.0000      0.0000      0.0000      1.0000      2.5580      0.7261
   2014.0000     10.0000      1.0000      0.0000     12.0000      1.0000    -61.4514     -3.7089     47.0000    148.0000     32.4062      0.0000      0.0000      0.0000      0.0000      0.0000      0.0000      2.0000      7.9908      1.0839
   2014.0000     10.0000      1.0000      0.0000     12.0000      1.0000    -61.4314     -3.7089     48.0000    148.0000     30.2969      0.0000      0.0000      0.0000      0.0000      0.0000      0.0000      2.0000      5.7425      0.8324
   2014.0000     10.0000      1.0000      0.0000     12.0000      1.0000    -61.4114     -3.7089     49.0000    148.0000     28.9062      0.0000      0.0000      0.0000      0.0000      0.0000      0.0000      2.0000      4.6185      0.6801
   2014.0000     10.0000      1.0000      0.0000     12.0000      1.0000    -61.3914     -3.7089     50.0000    148.0000     23.8594      0.0000      0.0000      0.0000      0.0000      0.0000      0.0000      1.0000      1.4247      0.3903
   2014.0000     10.0000      1.0000      0.0000     12.0000      1.0000    -61.3714     -3.7089     51.0000    148.0000     22.5469      0.0000      0.0000      0.0000      0.0000      0.0000      0.0000      1.0000      1.1648      0.2534
   2014.0000     10.0000      1.0000      0.0000     12.0000      1.0000    -61.3514     -3.7089     52.0000    148.0000     21.1562      0.0000      0.0000      0.0000      0.0000      0.0000      0.0000      1.0000      0.9409      0.1672
   2014.0000     10.0000      1.0000      0.0000     12.0000      1.0000    -61.4914     -3.7289     45.0000    149.0000     21.2188      0.0000      0.0000      0.0000      0.0000      0.0000      0.0000      1.0000      0.9499      0.2609
   2014.0000     10.0000      1.0000      0.0000     12.0000      1.0000    -61.4714     -3.7289     46.0000    149.0000     23.1875      0.0000      0.0000      0.0000      0.0000      0.0000      0.0000      1.0000      1.2851      0.4375
   2014.0000     10.0000      1.0000      0.0000     12.0000      1.0000    -61.4514     -3.7289     47.0000    149.0000     23.7031      0.0000      0.0000      0.0000      0.0000      0.0000      0.0000      1.0000      1.3910      0.4869
   2014.0000     10.0000      1.0000      0.0000     12.0000      1.0000    -61.4314     -3.7289     48.0000    149.0000     29.2812      0.0000      0.0000      0.0000      0.0000      0.0000     11.0000      2.0000      4.8979      0.7575
   2014.0000     10.0000      1.0000      0.0000     12.0000      1.0000    -61.4114     -3.7289     49.0000    149.0000     29.5156      0.0000      0.0000      0.0000      0.0000      0.0000      0.0000      2.0000      5.0810      0.7306
   2014.0000     10.0000      1.0000      0.0000     12.0000      1.0000    -61.3914     -3.7289     50.0000    149.0000     22.5000      0.0000      0.0000      0.0000      0.0000      0.0000      0.0000      1.0000      1.1564      0.4399
   2014.0000     10.0000      1.0000      0.0000     12.0000      1.0000    -61.3714     -3.7289     51.0000    149.0000     21.7969      0.0000      0.0000      0.0000      0.0000      0.0000      0.0000      1.0000      1.0381      0.1821
   2014.0000     10.0000      1.0000      0.0000     12.0000      1.0000    -61.3514     -3.7289     52.0000    149.0000     22.6562      0.0000      0.0000      0.0000      0.0000      0.0000      0.0000      1.0000      1.1845      0.2031
   2014.0000     10.0000      1.0000      0.0000     12.0000      1.0000    -61.4914     -3.7489     45.0000    150.0000     21.2188      0.0000      0.0000      0.0000      0.0000      0.0000      0.0000      1.0000      0.9499      0.2639
   2014.0000     10.0000      1.0000      0.0000     12.0000      1.0000    -61.4714     -3.7489     46.0000    150.0000     23.0000      0.0000      0.0000      0.0000      0.0000      0.0000      0.0000      1.0000      1.2487      0.4130
   2014.0000     10.0000      1.0000      0.0000     12.0000      1.0000    -61.4514     -3.7489     47.0000    150.0000     22.7812      0.0000      0.0000      0.0000      0.0000      0.0000      0.0000      1.0000      1.2074      0.3386
   2014.0000     10.0000      1.0000      0.0000     12.0000      1.0000    -61.4314     -3.7489     48.0000    150.0000     22.7969      0.0000      0.0000      0.0000      0.0000      0.0000      0.0000      1.0000      1.2103      0.4303
   2014.0000     10.0000      1.0000      0.0000     12.0000      1.0000    -61.4114     -3.7489     49.0000    150.0000     22.4531      0.0000      0.0000      0.0000      0.0000      0.0000      0.0000      1.0000      1.1481      0.3772
   2014.0000     10.0000      1.0000      0.0000     12.0000      1.0000    -61.3914     -3.7489     50.0000    150.0000     22.7656      0.0000      0.0000      0.0000      0.0000      0.0000      0.0000      1.0000      1.2045      0.4373
   2014.0000     10.0000      1.0000      0.0000     12.0000      1.0000    -61.3714     -3.7489     51.0000    150.0000     23.0000      0.0000      0.0000      0.0000      0.0000      0.0000      0.0000      1.0000      1.2487      0.2129
   2014.0000     10.0000      1.0000      0.0000     12.0000      1.0000    -61.4514     -3.7689     47.0000    151.0000     22.4062      0.0000      0.0000      0.0000      0.0000      0.0000      0.0000      1.0000      1.1399      0.3268
   2014.0000     10.0000      1.0000      0.0000     12.0000      1.0000    -61.4314     -3.7689     48.0000    151.0000     23.2656      0.0000      0.0000      0.0000      0.0000      0.0000      0.0000      1.0000      1.3006      0.4356
   2014.0000     10.0000      1.0000      0.0000     12.0000      1.0000    -61.4114     -3.7689     49.0000    151.0000     20.3125      0.0000      0.0000      0.0000      0.0000      0.0000      0.0000      1.0000      0.8266      0.2326
   2014.0000     10.0000      1.0000      0.0000     12.0000      1.0000    -61.3914     -3.7689     50.0000    151.0000     22.5938      0.0000      0.0000      0.0000      0.0000      0.0000      0.0000      1.0000      1.1732      0.2804
   2014.0000     10.0000      1.0000      0.0000     12.0000      1.0000    -61.3714     -3.7689     51.0000    151.0000     21.7188      0.0000      0.0000      0.0000      0.0000      0.0000      0.0000      1.0000      1.0257      0.1798
   2014.0000     10.0000      1.0000      0.0000     12.0000      1.0000    -61.4114     -3.7889     49.0000    152.0000     20.3906      0.0000      0.0000      0.0000      0.0000      0.0000      0.0000      1.0000      0.8365      0.2347
   2014.0000     10.0000      1.0000      0.0000     12.0000      1.0000    -61.3914     -3.7889     50.0000    152.0000     22.3906      0.0000      0.0000      0.0000      0.0000      0.0000      0.0000      1.0000      1.1371      0.2757
   2014.0000     10.0000      1.0000      0.0000     24.0000      1.0000    -61.5114     -3.5089     44.0000    138.0000     20.4688      0.0000      0.0000      0.0000      0.0000      0.0000      0.0000      1.0000      0.8466      0.2786
   2014.0000     10.0000      1.0000      0.0000     24.0000      1.0000    -61.4914     -3.5089     45.0000    138.0000     20.7344      0.0000      0.0000      0.0000      0.0000      0.0000      0.0000      1.0000      0.8819      0.2984
   2014.0000     10.0000      1.0000      0.0000     24.0000      1.0000    -61.4714     -3.5089     46.0000    138.0000     22.2188      0.0000      0.0000      0.0000      0.0000      0.0000      0.0000      1.0000      1.1075      0.2708
   2014.0000     10.0000      1.0000      0.0000     24.0000      1.0000    -61.3914     -3.5089     50.0000    138.0000     21.3125      0.0000      0.0000      0.0000      0.0000      0.0000      0.0000      1.0000      0.9637      0.2191
   2014.0000     10.0000      1.0000      0.0000     24.0000      1.0000    -61.3714     -3.5089     51.0000    138.0000     20.9219      0.0000      0.0000      0.0000      0.0000      0.0000      0.0000      1.0000      0.9076      0.2193
   2014.0000     10.0000      1.0000      0.0000     24.0000      1.0000    -61.5114     -3.5289     44.0000    139.0000     20.2812      0.0000      0.0000      0.0000      0.0000      0.0000      0.0000      1.0000      0.8226      0.2759
   2014.0000     10.0000      1.0000      0.0000     24.0000      1.0000    -61.4914     -3.5289     45.0000    139.0000     20.6250      0.0000      0.0000      0.0000      0.0000      0.0000      0.0000      1.0000      0.8672      0.2949
   2014.0000     10.0000      1.0000      0.0000     24.0000      1.0000    -61.4714     -3.5289     46.0000    139.0000     22.2188      0.0000      0.0000      0.0000      0.0000      0.0000      0.0000      1.0000      1.1075      0.2595
   2014.0000     10.0000      1.0000      0.0000     24.0000      1.0000    -61.4314     -3.5289     48.0000    139.0000     23.7031      0.0000      0.0000      0.0000      0.0000      0.0000      0.0000      1.0000      1.3910      0.3446
   2014.0000     10.0000      1.0000      0.0000     24.0000      1.0000    -61.4114     -3.5289     49.0000    139.0000     22.7500      0.0000      0.0000      0.0000      0.0000      0.0000      0.0000      1.0000      1.2016      0.3237
   2014.0000     10.0000      1.0000      0.0000     24.0000      1.0000    -61.3914     -3.5289     50.0000    139.0000     22.2031      0.0000      0.0000      0.0000      0.0000      0.0000      0.0000      1.0000      1.1049      0.2371
   2014.0000     10.0000      1.0000      0.0000     24.0000      1.0000    -61.3714     -3.5289     51.0000    139.0000     20.9531      0.0000      0.0000      0.0000      0.0000      0.0000      0.0000      1.0000      0.9120      0.2199
   2014.0000     10.0000      1.0000      0.0000     24.0000      1.0000    -61.5114     -3.5489     44.0000    140.0000     20.2031      0.0000      0.0000      0.0000      0.0000      0.0000      0.0000      1.0000      0.8128      0.2567
   2014.0000     10.0000      1.0000      0.0000     24.0000      1.0000    -61.4914     -3.5489     45.0000    140.0000     23.4375      0.0000      0.0000      0.0000      0.0000      0.0000      0.0000      1.0000      1.3354      0.3841
   2014.0000     10.0000      1.0000      0.0000     24.0000      1.0000    -61.4714     -3.5489     46.0000    140.0000     23.8594      0.0000      0.0000      0.0000      0.0000      0.0000      0.0000      1.0000      1.4247      0.3904
   2014.0000     10.0000      1.0000      0.0000     24.0000      1.0000    -61.4514     -3.5489     47.0000    140.0000     20.2031      0.0000      0.0000      0.0000      0.0000      0.0000      0.0000      1.0000      0.8128      0.2597
   2014.0000     10.0000      1.0000      0.0000     24.0000      1.0000    -61.4314     -3.5489     48.0000    140.0000     23.6250      0.0000      0.0000      0.0000      0.0000      0.0000      0.0000      1.0000      1.3744      0.3455
   2014.0000     10.0000      1.0000      0.0000     24.0000      1.0000    -61.4114     -3.5489     49.0000    140.0000     25.3125      0.0000      0.0000      0.0000      0.0000      0.0000      0.0000      2.0000      2.6304      0.4134
   2014.0000     10.0000      1.0000      0.0000     24.0000      1.0000    -61.3914     -3.5489     50.0000    140.0000     22.9531      0.0000      0.0000      0.0000      0.0000      0.0000      0.0000      1.0000      1.2397      0.2695
   2014.0000     10.0000      1.0000      0.0000     24.0000      1.0000    -61.3714     -3.5489     51.0000    140.0000     21.6562      0.0000      0.0000      0.0000      0.0000      0.0000      0.0000      1.0000      1.0159      0.2473
   2014.0000     10.0000      1.0000      0.0000     24.0000      1.0000    -61.4714     -3.5689     46.0000    141.0000     24.3906      0.0000      0.0000      0.0000      0.0000      0.0000      0.0000      1.0000      1.5458      0.4695
   2014.0000     10.0000      1.0000      0.0000     24.0000      1.0000    -61.4514     -3.5689     47.0000    141.0000     20.6250      0.0000      0.0000      0.0000      0.0000      0.0000      0.0000      1.0000      0.8672      0.3042
   2014.0000     10.0000      1.0000      0.0000     24.0000      1.0000    -61.4314     -3.5689     48.0000    141.0000     22.2031      0.0000      0.0000      0.0000      0.0000      0.0000      0.0000      1.0000      1.1049      0.3227
   2014.0000     10.0000      1.0000      0.0000     24.0000      1.0000    -61.4114     -3.5689     49.0000    141.0000     25.1875      0.0000      0.0000      0.0000      0.0000      0.0000      0.0000      2.0000      2.5794      0.3998
   2014.0000     10.0000      1.0000      0.0000     24.0000      1.0000    -61.3914     -3.5689     50.0000    141.0000     23.2500      0.0000      0.0000      0.0000      0.0000      0.0000      0.0000      1.0000      1.2975      0.2820
   2014.0000     10.0000      1.0000      0.0000     24.0000      1.0000    -61.3714     -3.5689     51.0000    141.0000     23.3750      0.0000      0.0000      0.0000      0.0000      0.0000      0.0000      1.0000      1.3226      0.2439
   2014.0000     10.0000      1.0000      0.0000     24.0000      1.0000    -61.3514     -3.5689     52.0000    141.0000     23.0000      0.0000      0.0000      0.0000      0.0000      0.0000      0.0000      1.0000      1.2487      0.2603
   2014.0000     10.0000      1.0000      0.0000     24.0000      1.0000    -61.4714     -3.5889     46.0000    142.0000     24.6875      0.0000      0.0000      0.0000      0.0000      0.0000      0.0000      1.0000      1.6179      0.4715
   2014.0000     10.0000      1.0000      0.0000     24.0000      1.0000    -61.4514     -3.5889     47.0000    142.0000     22.3281      0.0000      0.0000      0.0000      0.0000      0.0000      0.0000      1.0000      1.1263      0.3461
   2014.0000     10.0000      1.0000      0.0000     24.0000      1.0000    -61.4314     -3.5889     48.0000    142.0000     20.5469      0.0000      0.0000      0.0000      0.0000      0.0000      0.0000      1.0000      0.8568      0.2965
   2014.0000     10.0000      1.0000      0.0000     24.0000      1.0000    -61.4114     -3.5889     49.0000    142.0000     24.0469      0.0000      0.0000      0.0000      0.0000      0.0000      0.0000      1.0000      1.4663      0.3605
   2014.0000     10.0000      1.0000      0.0000     24.0000      1.0000    -61.3914     -3.5889     50.0000    142.0000     22.8906      0.0000      0.0000      0.0000      0.0000      0.0000      0.0000      1.0000      1.2279      0.3192
   2014.0000     10.0000      1.0000      0.0000     24.0000      1.0000    -61.3714     -3.5889     51.0000    142.0000     22.8906      0.0000      0.0000      0.0000      0.0000      0.0000      0.0000      1.0000      1.2279      0.2580
   2014.0000     10.0000      1.0000      0.0000     24.0000      1.0000    -61.3514     -3.5889     52.0000    142.0000     23.1875      0.0000      0.0000      0.0000      0.0000      0.0000      0.0000      1.0000      1.2851      0.2634
   2014.0000     10.0000      1.0000      0.0000     24.0000      1.0000    -61.4714     -3.6089     46.0000    143.0000     26.7344      0.0000      0.0000      0.0000      0.0000      0.0000      0.0000      2.0000      3.2866      0.3587
   2014.0000     10.0000      1.0000      0.0000     24.0000      1.0000    -61.4514     -3.6089     47.0000    143.0000     23.8594      0.0000      0.0000      0.0000      0.0000      0.0000      0.0000      1.0000      1.4247      0.3566
   2014.0000     10.0000      1.0000      0.0000     24.0000      1.0000    -61.4314     -3.6089     48.0000    143.0000     20.2500      0.0000      0.0000      0.0000      0.0000      0.0000      0.0000      1.0000      0.8187      0.2907
   2014.0000     10.0000      1.0000      0.0000     24.0000      1.0000    -61.4114     -3.6089     49.0000    143.0000     22.0000      0.0000      0.0000      0.0000      0.0000      0.0000      0.0000      1.0000      1.0710      0.3223
   2014.0000     10.0000      1.0000      0.0000     24.0000      1.0000    -61.3914     -3.6089     50.0000    143.0000     23.5781      0.0000      0.0000      0.0000      0.0000      0.0000      0.0000      1.0000      1.3645      0.3286
   2014.0000     10.0000      1.0000      0.0000     24.0000      1.0000    -61.3714     -3.6089     51.0000    143.0000     22.0469      0.0000      0.0000      0.0000      0.0000      0.0000      0.0000      1.0000      1.0787      0.1875
   2014.0000     10.0000      1.0000      0.0000     24.0000      1.0000    -61.3514     -3.6089     52.0000    143.0000     23.0938      0.0000      0.0000      0.0000      0.0000      0.0000      0.0000      1.0000      1.2668      0.2150
   2014.0000     10.0000      1.0000      0.0000     24.0000      1.0000    -61.4514     -3.6289     47.0000    144.0000     23.2969      0.0000      0.0000      0.0000      0.0000      0.0000      0.0000      1.0000      1.3069      0.2639
   2014.0000     10.0000      1.0000      0.0000     24.0000      1.0000    -61.4314     -3.6289     48.0000    144.0000     20.2188      0.0000      0.0000      0.0000      0.0000      0.0000      0.0000      1.0000      0.8148      0.2215
   2014.0000     10.0000      1.0000      0.0000     24.0000      1.0000    -61.4114     -3.6289     49.0000    144.0000     21.7031      0.0000      0.0000      0.0000      0.0000      0.0000     11.0000      1.0000      1.0233      0.2742
   2014.0000     10.0000      1.0000      0.0000     24.0000      1.0000    -61.3914     -3.6289     50.0000    144.0000     23.8125      0.0000      0.0000      0.0000      0.0000      0.0000     11.0000      1.0000      1.4145      0.3335
   2014.0000     10.0000      1.0000      0.0000     24.0000      1.0000    -61.3714     -3.6289     51.0000    144.0000     21.8281      0.0000      0.0000      0.0000      0.0000      0.0000     11.0000      1.0000      1.0431      0.1824
   2014.0000     10.0000      1.0000      0.0000     24.0000      1.0000    -61.4514     -3.6489     47.0000    145.0000     23.3750      0.0000      0.0000      0.0000      0.0000      0.0000     11.0000      1.0000      1.3226      0.2489
   2014.0000     10.0000      1.0000      0.0000     24.0000      1.0000    -61.4314     -3.6489     48.0000    145.0000     21.2812      0.0000      0.0000      0.0000      0.0000      0.0000     11.0000      1.0000      0.9591      0.2431
   2014.0000     10.0000      1.0000      0.0000     24.0000      1.0000    -61.4714     -3.6689     46.0000    146.0000     22.2188      0.0000      0.0000      0.0000      0.0000      0.0000      0.0000      1.0000      1.1075      0.2609
   2014.0000     10.0000      1.0000      0.0000     24.0000      1.0000    -61.4514     -3.6689     47.0000    146.0000     20.1875      0.0000      0.0000      0.0000      0.0000      0.0000      0.0000      1.0000      0.8109      0.1846
   2014.0000     10.0000      1.0000      0.0000     24.0000      1.0000    -61.4714     -3.6889     46.0000    147.0000     22.2188      0.0000      0.0000      0.0000      0.0000      0.0000      0.0000      1.0000      1.1075      0.4458
   2014.0000     10.0000      1.0000      0.0000     24.0000      1.0000    -61.4514     -3.6889     47.0000    147.0000     20.7656      0.0000      0.0000      0.0000      0.0000      0.0000      0.0000      1.0000      0.8861      0.1973
   2014.0000     10.0000      1.0000      0.0000     24.0000      1.0000    -61.4714     -3.7089     46.0000    148.0000     24.2344      0.0000      0.0000      0.0000      0.0000      0.0000      0.0000      1.0000      1.5092      0.4136
   2014.0000     10.0000      1.0000      0.0000     24.0000      1.0000    -61.4514     -3.7089     47.0000    148.0000     22.6562      0.0000      0.0000      0.0000      0.0000      0.0000      0.0000      1.0000      1.1845      0.2540
   2014.0000     10.0000      1.0000      0.0000     24.0000      1.0000    -61.4314     -3.7089     48.0000    148.0000     20.2031      0.0000      0.0000      0.0000      0.0000      0.0000      0.0000      1.0000      0.8128      0.1473
   2014.0000     10.0000      1.0000      0.0000     24.0000      1.0000    -61.4714     -3.7289     46.0000    149.0000     24.2344      0.0000      0.0000      0.0000      0.0000      0.0000      0.0000      1.0000      1.5092      0.3896
   2014.0000     10.0000      1.0000      0.0000     24.0000      1.0000    -61.4514     -3.7289     47.0000    149.0000     24.2344      0.0000      0.0000      0.0000      0.0000      0.0000      0.0000      1.0000      1.5092      0.3010
   2014.0000     10.0000      1.0000      0.0000     36.0000      1.0000    -61.5514     -3.4889     42.0000    137.0000     22.2188      0.0000      0.0000      0.0000      0.0000      0.0000      0.0000      1.0000      1.1075      0.2144
   2014.0000     10.0000      1.0000      0.0000     36.0000      1.0000    -61.5514     -3.5089     42.0000    138.0000     22.2188      0.0000      0.0000      0.0000      0.0000      0.0000      0.0000      1.0000      1.1075      0.2124
   2014.0000     10.0000      1.0000      0.0000     36.0000      1.0000    -61.4514     -3.5089     47.0000    138.0000     20.5000      0.0000      0.0000      0.0000      0.0000      0.0000      0.0000      1.0000      0.8507      0.1531
   2014.0000     10.0000      1.0000      0.0000     36.0000      1.0000    -61.4314     -3.5089     48.0000    138.0000     20.2031      0.0000      0.0000      0.0000      0.0000      0.0000      0.0000      1.0000      0.8128      0.1473
   2014.0000     10.0000      1.0000      0.0000     36.0000      1.0000    -61.5514     -3.5289     42.0000    139.0000     23.4219      0.0000      0.0000      0.0000      0.0000      0.0000      0.0000      1.0000      1.3322      0.3142
   2014.0000     10.0000      1.0000      0.0000     36.0000      1.0000    -61.5314     -3.5289     43.0000    139.0000     21.0938      0.0000      0.0000      0.0000      0.0000      0.0000      0.0000      1.0000      0.9319      0.1681
   2014.0000     10.0000      1.0000      0.0000     36.0000      1.0000    -61.4314     -3.5289     48.0000    139.0000     21.4688      0.0000      0.0000      0.0000      0.0000      0.0000      0.0000      1.0000      0.9871      0.1737
   2014.0000     10.0000      1.0000      0.0000     36.0000      1.0000    -61.5514     -3.5489     42.0000    140.0000     23.9219      0.0000      0.0000      0.0000      0.0000      0.0000      0.0000      2.0000      2.1156      0.3200
   2014.0000     10.0000      1.0000      0.0000     36.0000      1.0000    -61.5314     -3.5489     43.0000    140.0000     21.7344      0.0000      0.0000      0.0000      0.0000      0.0000      0.0000      1.0000      1.0282      0.2869
   2014.0000     10.0000      1.0000      0.0000     36.0000      1.0000    -61.5114     -3.5489     44.0000    140.0000     21.1875      0.0000      0.0000      0.0000      0.0000      0.0000      0.0000      1.0000      0.9454      0.2630
   2014.0000     10.0000      1.0000      0.0000     36.0000      1.0000    -61.4914     -3.5489     45.0000    140.0000     20.5781      0.0000      0.0000      0.0000      0.0000      0.0000      0.0000      1.0000      0.8610      0.2278
   2014.0000     10.0000      1.0000      0.0000     36.0000      1.0000    -61.4314     -3.5489     48.0000    140.0000     21.3438      0.0000      0.0000      0.0000      0.0000      0.0000      0.0000      1.0000      0.9683      0.1710
   2014.0000     10.0000      1.0000      0.0000     36.0000      1.0000    -61.4114     -3.5489     49.0000    140.0000     21.2188      0.0000      0.0000      0.0000      0.0000      0.0000      0.0000      1.0000      0.9499      0.1683
   2014.0000     10.0000      1.0000      0.0000     36.0000      1.0000    -61.5514     -3.5689     42.0000    141.0000     24.5625      0.0000      0.0000      0.0000      0.0000      0.0000      0.0000      2.0000      2.3389      0.3023
   2014.0000     10.0000      1.0000      0.0000     36.0000      1.0000    -61.5314     -3.5689     43.0000    141.0000     22.2031      0.0000      0.0000      0.0000      0.0000      0.0000      0.0000      1.0000      1.1049      0.2887
   2014.0000     10.0000      1.0000      0.0000     36.0000      1.0000    -61.5114     -3.5689     44.0000    141.0000     20.4844      0.0000      0.0000      0.0000      0.0000      0.0000      0.0000      1.0000      0.8487      0.1529
   2014.0000     10.0000      1.0000      0.0000     36.0000      1.0000    -61.4914     -3.5689     45.0000    141.0000     24.6875      0.0000      0.0000      0.0000      0.0000      0.0000      0.0000      2.0000      2.3851      0.2662
   2014.0000     10.0000      1.0000      0.0000     36.0000      1.0000    -61.4714     -3.5689     46.0000    141.0000     22.8438      0.0000      0.0000      0.0000      0.0000      0.0000      0.0000      1.0000      1.2191      0.2091
   2014.0000     10.0000      1.0000      0.0000     36.0000      1.0000    -61.4314     -3.5689     48.0000    141.0000     21.0312      0.0000      0.0000      0.0000      0.0000      0.0000      0.0000      1.0000      0.9230      0.1639
   2014.0000     10.0000      1.0000      0.0000     36.0000      1.0000    -61.4114     -3.5689     49.0000    141.0000     21.2188      0.0000      0.0000      0.0000      0.0000      0.0000      0.0000      1.0000      0.9499      0.1683
   2014.0000     10.0000      1.0000      0.0000     36.0000      1.0000    -61.5514     -3.5889     42.0000    142.0000     23.2344      0.0000      0.0000      0.0000      0.0000      0.0000      0.0000      1.0000      1.2944      0.2723
   2014.0000     10.0000      1.0000      0.0000     36.0000      1.0000    -61.5314     -3.5889     43.0000    142.0000     21.7344      0.0000      0.0000      0.0000      0.0000      0.0000      0.0000      1.0000      1.0282      0.2785
   2014.0000     10.0000      1.0000      0.0000     36.0000      1.0000    -61.5114     -3.5889     44.0000    142.0000     20.8281      0.0000      0.0000      0.0000      0.0000      0.0000      0.0000      1.0000      0.8946      0.1600
   2014.0000     10.0000      1.0000      0.0000     36.0000      1.0000    -61.4914     -3.5889     45.0000    142.0000     23.5625      0.0000      0.0000      0.0000      0.0000      0.0000      0.0000      1.0000      1.3613      0.2283
   2014.0000     10.0000      1.0000      0.0000     36.0000      1.0000    -61.4714     -3.5889     46.0000    142.0000     23.1406      0.0000      0.0000      0.0000      0.0000      0.0000      0.0000      1.0000      1.2759      0.2163
   2014.0000     10.0000      1.0000      0.0000     36.0000      1.0000    -61.4514     -3.5889     47.0000    142.0000     20.1250      0.0000      0.0000      0.0000      0.0000      0.0000      0.0000      1.0000      0.8031      0.1473
   2014.0000     10.0000      1.0000      0.0000     36.0000      1.0000    -61.5514     -3.6089     42.0000    143.0000     23.2344      0.0000      0.0000      0.0000      0.0000      0.0000      0.0000      1.0000      1.2944      0.2643
   2014.0000     10.0000      1.0000      0.0000     36.0000      1.0000    -61.5314     -3.6089     43.0000    143.0000     22.3906      0.0000      0.0000      0.0000      0.0000      0.0000      0.0000      1.0000      1.1371      0.2846
   2014.0000     10.0000      1.0000      0.0000     36.0000      1.0000    -61.5114     -3.6089     44.0000    143.0000     20.7188      0.0000      0.0000      0.0000      0.0000      0.0000      0.0000      1.0000      0.8798      0.1576
   2014.0000     10.0000      1.0000      0.0000     36.0000      1.0000    -61.4914     -3.6089     45.0000    143.0000     21.2344      0.0000      0.0000      0.0000      0.0000      0.0000      0.0000      1.0000      0.9522      0.2639
   2014.0000     10.0000      1.0000      0.0000     36.0000      1.0000    -61.4714     -3.6089     46.0000    143.0000     20.9375      0.0000      0.0000      0.0000      0.0000      0.0000      0.0000      1.0000      0.9098      0.2590
   2014.0000     10.0000      1.0000      0.0000     36.0000      1.0000    -61.5314     -3.6289     43.0000    144.0000     20.4844      0.0000      0.0000      0.0000      0.0000      0.0000      0.0000      1.0000      0.8487      0.2479
   2014.0000     10.0000      1.0000      0.0000     36.0000      1.0000    -61.5114     -3.6289     44.0000    144.0000     20.7812      0.0000      0.0000      0.0000      0.0000      0.0000      0.0000      1.0000      0.8882      0.1592
   2014.0000     10.0000      1.0000      0.0000     36.0000      1.0000    -61.4914     -3.6289     45.0000    144.0000     21.0469      0.0000      0.0000      0.0000      0.0000      0.0000      0.0000      1.0000      0.9252      0.2612
   2014.0000     10.0000      1.0000      0.0000     36.0000      1.0000    -61.4714     -3.6289     46.0000    144.0000     21.8438      0.0000      0.0000      0.0000      0.0000      0.0000      0.0000      1.0000      1.0456      0.2732
   2014.0000     10.0000      1.0000      0.0000     36.0000      1.0000    -61.4714     -3.6489     46.0000    145.0000     20.2031      0.0000      0.0000      0.0000      0.0000      0.0000     11.0000      1.0000      0.8128      0.1473
   2014.0000     10.0000      1.0000      0.0000     36.0000      1.0000    -61.4514     -3.6489     47.0000    145.0000     20.2031      0.0000      0.0000      0.0000      0.0000      0.0000     11.0000      1.0000      0.8128      0.1473
